function [point] = Physical_Point(point1)

M = [2604.390249088141, 0, 640
  0, 2612.900232314529, 480;
  0, 0, 1];

% M = [2604.390249088141, 0, 656.3964270332482;
%   0, 2612.900232314529, 469.9583986626;
%   0, 0, 1];
%畸变系数 distortion_coeffs 摄像机的4个畸变系数：(k_1, k_2, p_1, p_2)
DC = [-0.188247840080386, 0.4982781800110627, 0.003645849013464749, 0.00425919004196982, -5.98819485613393];
R = [0.998544981959452, -0.002135481425538684, 0.0538828240043046;
  0.007049955527996711, 0.9958092522658807, -0.09118240635517921;
  -0.05346229634659321, 0.09142960582190507, 0.9943753868879701];

T = [-203.5108505219442;
  -148.8902554644998;
  773.1480428881208];

%像元尺寸 单位 mm
dx = 4.65 *0.001;
dy = 4.65 *0.001;

f = (M(1)*dx+M(5)*dy)/2;
%原点坐标（图像物理坐标系）
u0 = M(7);
v0 = M(8);
A = [1/dx 0 u0;
    0 1/dy v0;
    0 0 1];

M1 =[R T;0 0 0 1];

Q1 = [0; 0; 0; 1];
Q2 = [0; 0; 1;1];

C1 = M1*Q1;
%[  t1
%   t2
%   t3  ]
C2 = M1*Q2;
%[  Xc
%   Yc
%   Zc  ]

V = [point1;f] ;%直线方向向量
VP = C2-C1;%平面方向向量
VPV_fenzi1= VP(1)*C1(1)+VP(2)*C1(2)+VP(3)*C1(3);% t1*m1 + t2*m2 + t2*m2
VPV_fenmu = VP(1)*V(1)+VP(2)*V(2)+VP(3)*V(3);  % um1 + vm2 + zm3
t = VPV_fenzi1/VPV_fenmu;
point =t*V;
